175.476074 0.002
175.4760745 0.004
179.2907715 0.006
179.2907715 0.01
183.1054685 0.014
183.105469 0.02
183.105469 0.022
186.920166 0.046
190.734863 0.05
190.734863 0.066
190.7348635 0.074
190.7348635 0.09
194.5495605 0.116
194.5495605 0.144
198.3642575 0.162
198.364258 0.194
202.178955 0.204
202.178955 0.232
202.1789555 0.234
205.993652 0.252
205.993652 0.258
205.9936525 0.272
205.9936525 0.282
209.8083495 0.336
209.80835 0.344
213.6230465 0.35
213.6230465 0.352
213.623047 0.362
213.623047 0.404
217.437744 0.43
217.437744 0.442
217.4377445 0.46
217.4377445 0.47
221.252441 0.476
221.2524415 0.518
225.0671385 0.526
225.0671385 0.54
225.067139 0.548
225.067139 0.57
228.8818355 0.572
228.881836 0.598
228.881836 0.618
232.696533 0.636
232.6965335 0.654
236.5112305 0.66
236.5112305 0.68
240.3259275 0.694
240.3259275 0.698
240.325928 0.7
240.325928 0.71
244.140625 0.728
247.955322 0.732
247.955322 0.74
247.9553225 0.742
247.9553225 0.756
251.7700195 0.768
255.5847165 0.774
255.584717 0.798
259.399414 0.808
259.399414 0.822
259.3994145 0.828
263.214111 0.832
263.214111 0.836
263.2141115 0.85
263.2141115 0.862
267.0288085 0.886
267.028809 0.896
270.8435055 0.902
270.843506 0.912
270.843506 0.936
274.658203 0.948
274.658203 0.952
274.6582035 0.958
274.6582035 0.964
278.4729005 0.986
282.2875975 0.99
282.287598 0.992
286.102295 0.998
289.9169925 1.0
