156.402588 0.002
160.217285 0.004
160.2172855 0.008
164.031982 0.01
164.0319825 0.012
164.0319825 0.018
167.8466795 0.022
167.84668 0.024
171.661377 0.03
171.661377 0.042
175.476074 0.05
175.476074 0.056
175.4760745 0.07
175.4760745 0.082
179.2907715 0.122
183.1054685 0.124
183.1054685 0.142
183.105469 0.146
183.105469 0.158
186.920166 0.168
186.920166 0.188
190.734863 0.2
190.7348635 0.202
190.7348635 0.214
194.5495605 0.224
194.5495605 0.246
194.549561 0.248
198.3642575 0.252
198.3642575 0.26
198.364258 0.272
198.364258 0.274
202.178955 0.296
202.1789555 0.298
202.1789555 0.304
205.993652 0.308
205.993652 0.31
205.9936525 0.32
205.9936525 0.33
209.8083495 0.348
209.80835 0.354
213.6230465 0.358
213.623047 0.362
213.623047 0.38
217.437744 0.39
217.437744 0.398
217.4377445 0.406
217.4377445 0.408
221.252441 0.41
221.2524415 0.452
225.0671385 0.46
225.0671385 0.476
225.067139 0.486
225.067139 0.5
228.881836 0.524
228.881836 0.534
232.696533 0.556
232.696533 0.558
232.6965335 0.576
236.5112305 0.58
236.5112305 0.602
240.3259275 0.608
240.3259275 0.61
240.325928 0.614
240.325928 0.616
244.140625 0.64
247.955322 0.642
247.955322 0.648
247.9553225 0.65
251.7700195 0.658
251.7700195 0.664
255.5847165 0.68
255.584717 0.688
259.399414 0.692
259.399414 0.698
263.214111 0.706
263.2141115 0.712
263.2141115 0.716
267.0288085 0.722
267.028809 0.724
270.8435055 0.726
270.8435055 0.728
270.843506 0.73
270.843506 0.738
274.658203 0.75
274.658203 0.752
278.4729 0.762
278.4729005 0.764
278.4729005 0.776
282.2875975 0.78
282.287598 0.786
286.102295 0.796
289.916992 0.798
289.916992 0.8
289.9169925 0.806
289.9169925 0.814
293.7316895 0.822
293.7316895 0.828
297.5463865 0.844
301.361084 0.854
301.361084 0.862
305.175781 0.872
305.175781 0.876
305.1757815 0.884
305.1757815 0.888
308.9904785 0.91
312.8051755 0.918
312.8051755 0.93
312.805176 0.932
312.805176 0.934
316.619873 0.95
316.619873 0.96
320.43457 0.972
320.4345705 0.982
324.2492675 0.986
324.2492675 0.994
328.0639645 0.998
331.878662 1.0
