221.2524415 0.002
225.0671385 0.004
225.0671385 0.006
232.696533 0.012
232.6965335 0.016
236.5112305 0.024
236.5112305 0.046
240.3259275 0.05
240.3259275 0.052
240.325928 0.056
240.325928 0.062
244.140625 0.09
247.955322 0.094
247.955322 0.11
247.9553225 0.12
247.9553225 0.124
251.7700195 0.154
251.7700195 0.174
255.5847165 0.19
255.584717 0.198
259.399414 0.202
259.399414 0.224
259.3994145 0.226
263.214111 0.232
263.214111 0.238
263.2141115 0.25
267.0288085 0.266
267.028809 0.268
270.8435055 0.272
270.843506 0.28
270.843506 0.296
274.658203 0.32
274.658203 0.33
274.6582035 0.348
274.6582035 0.354
278.4729 0.37
278.4729005 0.408
282.2875975 0.43
282.2875975 0.454
282.287598 0.464
282.287598 0.484
286.1022945 0.486
286.102295 0.514
286.102295 0.536
289.916992 0.56
289.9169925 0.6
293.7316895 0.612
293.7316895 0.634
297.5463865 0.638
297.5463865 0.648
297.546387 0.66
297.546387 0.664
301.361084 0.682
305.175781 0.686
305.175781 0.694
305.1757815 0.702
308.9904785 0.706
308.9904785 0.712
312.8051755 0.716
312.8051755 0.724
312.805176 0.73
316.619873 0.74
316.619873 0.742
320.43457 0.748
320.4345705 0.758
320.4345705 0.762
324.2492675 0.768
328.0639645 0.77
328.0639645 0.772
328.063965 0.778
331.878662 0.782
331.878662 0.784
331.8786625 0.786
335.6933595 0.792
335.6933595 0.798
339.5080565 0.802
339.5080565 0.806
339.508057 0.81
343.322754 0.826
347.137451 0.828
347.137451 0.83
350.952148 0.832
350.9521485 0.846
350.9521485 0.85
354.7668455 0.858
354.766846 0.87
358.581543 0.876
358.581543 0.884
362.39624 0.892
362.39624 0.896
362.3962405 0.904
362.3962405 0.908
366.2109375 0.926
370.0256345 0.936
370.0256345 0.944
370.025635 0.95
370.025635 0.952
373.840332 0.966
373.8403325 0.968
377.655029 0.976
377.6550295 0.986
381.4697265 0.988
381.4697265 0.992
385.284424 0.994
389.099121 1.0
