236.5112305 0.002
240.3259275 0.004
240.325928 0.006
244.140625 0.02
247.955322 0.022
247.955322 0.026
247.9553225 0.032
247.9553225 0.038
251.7700195 0.05
251.7700195 0.06
255.5847165 0.082
255.584717 0.1
259.399414 0.114
259.399414 0.13
263.214111 0.142
263.214111 0.146
263.2141115 0.162
263.2141115 0.174
267.0288085 0.21
267.028809 0.214
270.8435055 0.218
270.8435055 0.224
270.843506 0.238
270.843506 0.254
274.658203 0.29
274.658203 0.296
274.6582035 0.304
278.4729 0.31
278.4729005 0.324
278.4729005 0.354
282.2875975 0.366
282.2875975 0.38
282.287598 0.386
282.287598 0.406
286.1022945 0.408
286.102295 0.45
286.102295 0.462
289.916992 0.464
289.916992 0.5
289.9169925 0.528
293.731689 0.532
293.731689 0.534
293.7316895 0.56
293.7316895 0.594
297.5463865 0.61
297.546387 0.632
297.546387 0.642
301.3610835 0.644
301.361084 0.648
301.361084 0.668
305.175781 0.672
305.1757815 0.68
305.1757815 0.694
308.9904785 0.712
308.9904785 0.716
312.8051755 0.724
312.8051755 0.728
312.805176 0.732
312.805176 0.752
316.619873 0.76
316.619873 0.766
320.43457 0.77
320.4345705 0.78
324.2492675 0.782
324.2492675 0.798
328.063965 0.804
328.063965 0.806
331.878662 0.818
331.878662 0.82
331.8786625 0.828
335.6933595 0.836
335.6933595 0.848
339.5080565 0.854
339.508057 0.858
339.508057 0.862
343.322754 0.878
347.137451 0.886
347.137451 0.896
347.1374515 0.9
350.9521485 0.908
350.9521485 0.918
354.7668455 0.94
354.766846 0.95
358.581543 0.954
358.581543 0.964
362.39624 0.972
362.39624 0.974
362.3962405 0.978
366.2109375 0.99
370.025635 0.992
373.840332 0.998
385.284424 1.0
