251.7700195 0.002
251.7700195 0.004
255.5847165 0.008
255.584717 0.018
259.399414 0.02
259.399414 0.028
263.214111 0.032
263.214111 0.034
263.2141115 0.044
263.2141115 0.048
267.0288085 0.078
270.8435055 0.082
270.8435055 0.09
270.843506 0.1
270.843506 0.104
274.658203 0.138
274.658203 0.15
274.6582035 0.152
278.4729 0.17
278.4729005 0.176
278.4729005 0.196
282.2875975 0.226
282.2875975 0.244
282.287598 0.248
286.1022945 0.26
286.1022945 0.268
286.102295 0.316
286.102295 0.322
289.916992 0.334
289.916992 0.366
289.9169925 0.372
289.9169925 0.388
293.731689 0.392
293.731689 0.396
293.7316895 0.424
293.7316895 0.45
297.5463865 0.494
297.5463865 0.504
297.546387 0.518
301.361084 0.526
301.361084 0.572
305.175781 0.598
305.175781 0.606
305.1757815 0.614
305.1757815 0.632
308.9904785 0.666
308.9904785 0.674
312.8051755 0.676
312.8051755 0.686
312.805176 0.688
312.805176 0.7
316.619873 0.71
316.619873 0.722
316.6198735 0.728
316.6198735 0.73
320.43457 0.738
320.43457 0.744
320.4345705 0.754
324.2492675 0.764
324.249268 0.766
324.249268 0.778
328.0639645 0.784
328.063965 0.798
328.063965 0.806
331.878662 0.82
331.8786625 0.838
335.693359 0.84
335.6933595 0.85
335.6933595 0.872
339.5080565 0.882
339.5080565 0.888
339.508057 0.896
343.322754 0.926
347.137451 0.93
347.137451 0.944
347.1374515 0.946
347.1374515 0.952
350.9521485 0.966
350.9521485 0.968
354.7668455 0.978
354.766846 0.984
358.581543 0.994
362.39624 0.996
362.3962405 1.0
