270.843506 0.002
270.843506 0.004
274.6582035 0.006
278.4729005 0.008
278.4729005 0.012
282.2875975 0.016
282.2875975 0.018
282.287598 0.026
286.102295 0.048
289.916992 0.062
289.916992 0.078
289.9169925 0.082
289.9169925 0.092
293.7316895 0.112
293.7316895 0.128
297.5463865 0.146
297.546387 0.17
301.361084 0.186
301.361084 0.214
305.175781 0.226
305.175781 0.232
305.1757815 0.244
305.1757815 0.246
308.9904785 0.292
312.8051755 0.298
312.805176 0.302
312.805176 0.31
316.619873 0.346
316.619873 0.362
320.43457 0.39
320.4345705 0.434
324.2492675 0.464
324.2492675 0.49
324.249268 0.504
328.0639645 0.514
328.0639645 0.516
328.063965 0.542
328.063965 0.572
331.878662 0.588
331.8786625 0.606
335.693359 0.612
335.6933595 0.618
335.6933595 0.646
339.5080565 0.652
339.508057 0.656
339.508057 0.662
343.3227535 0.664
343.322754 0.682
347.137451 0.686
347.137451 0.694
347.1374515 0.698
350.952148 0.7
350.9521485 0.704
350.9521485 0.718
354.7668455 0.728
354.766846 0.734
358.581543 0.742
358.581543 0.754
362.39624 0.758
362.39624 0.764
362.3962405 0.77
362.3962405 0.782
366.2109375 0.798
370.0256345 0.802
370.0256345 0.81
370.025635 0.816
373.840332 0.822
373.840332 0.824
373.8403325 0.826
377.655029 0.83
377.6550295 0.84
381.4697265 0.842
381.4697265 0.846
381.469727 0.848
385.2844235 0.852
385.284424 0.864
385.284424 0.872
389.099121 0.888
392.913818 0.892
392.9138185 0.9
392.9138185 0.918
396.7285155 0.93
396.7285155 0.938
396.728516 0.942
396.728516 0.946
400.5432125 0.948
400.543213 0.964
404.35791 0.968
404.35791 0.972
404.3579105 0.982
408.1726075 0.988
408.1726075 0.992
411.987305 0.994
415.802002 0.996
415.802002 0.998
423.4313965 1.0
