270.8435055 0.002
270.843506 0.004
270.843506 0.006
274.658203 0.008
274.6582035 0.014
278.4729 0.018
278.4729005 0.028
278.4729005 0.038
282.2875975 0.044
282.2875975 0.048
282.287598 0.05
282.287598 0.058
286.1022945 0.062
286.102295 0.084
289.916992 0.086
289.916992 0.094
289.9169925 0.1
289.9169925 0.112
293.7316895 0.136
293.7316895 0.142
297.5463865 0.16
297.546387 0.172
301.361084 0.178
301.361084 0.196
305.175781 0.206
305.1757815 0.218
308.9904785 0.242
308.9904785 0.244
312.8051755 0.248
312.8051755 0.256
312.805176 0.258
312.805176 0.268
316.619873 0.294
316.619873 0.304
320.43457 0.316
320.43457 0.322
320.4345705 0.352
324.2492675 0.366
324.2492675 0.404
324.249268 0.41
328.0639645 0.43
328.063965 0.45
328.063965 0.474
331.878662 0.508
331.8786625 0.528
335.693359 0.53
335.6933595 0.548
335.6933595 0.596
339.5080565 0.608
339.5080565 0.612
339.508057 0.618
339.508057 0.62
343.3227535 0.622
343.322754 0.642
347.137451 0.652
347.137451 0.66
347.1374515 0.662
350.952148 0.664
350.9521485 0.68
350.9521485 0.686
354.7668455 0.7
358.5815425 0.702
358.581543 0.704
358.581543 0.71
362.39624 0.712
362.39624 0.718
362.3962405 0.726
366.2109375 0.746
370.0256345 0.748
370.0256345 0.752
370.025635 0.754
373.840332 0.764
373.840332 0.766
373.8403325 0.768
377.655029 0.78
377.6550295 0.79
381.4697265 0.792
381.4697265 0.794
381.469727 0.802
385.2844235 0.812
385.284424 0.816
385.284424 0.818
389.099121 0.828
389.0991215 0.83
392.913818 0.832
392.913818 0.836
392.9138185 0.838
392.9138185 0.846
396.7285155 0.862
396.728516 0.868
396.728516 0.87
400.543213 0.888
404.35791 0.894
404.3579105 0.896
404.3579105 0.912
408.172607 0.914
408.1726075 0.928
408.1726075 0.934
411.9873045 0.942
411.987305 0.946
415.802002 0.952
415.802002 0.964
419.616699 0.966
419.616699 0.972
419.6166995 0.978
423.4313965 0.994
427.246094 0.996
431.060791 0.998
431.060791 1.0
