209.8083495 0.002
225.067139 0.004
236.5112305 0.006
240.325928 0.008
244.140625 0.014
247.955322 0.016
251.7700195 0.018
259.399414 0.02
263.2141115 0.022
274.658203 0.024
278.4729005 0.026
282.2875975 0.028
282.2875975 0.03
282.287598 0.032
282.287598 0.034
286.1022945 0.036
286.102295 0.042
293.731689 0.044
293.7316895 0.048
297.5463865 0.052
297.5463865 0.056
297.546387 0.058
301.3610835 0.06
301.361084 0.064
301.361084 0.074
305.175781 0.08
305.1757815 0.082
305.1757815 0.096
308.9904785 0.116
308.9904785 0.13
312.8051755 0.132
312.8051755 0.142
312.805176 0.162
316.619873 0.178
316.619873 0.184
316.6198735 0.186
320.43457 0.188
320.43457 0.19
320.4345705 0.202
320.4345705 0.208
324.2492675 0.216
324.2492675 0.262
324.249268 0.268
328.0639645 0.272
328.0639645 0.282
328.063965 0.304
328.063965 0.318
331.878662 0.364
331.878662 0.37
331.8786625 0.374
335.693359 0.376
335.693359 0.386
335.6933595 0.39
335.6933595 0.424
339.5080565 0.442
339.5080565 0.486
339.508057 0.494
339.508057 0.5
343.3227535 0.51
343.3227535 0.514
343.322754 0.542
343.322754 0.55
347.137451 0.558
347.137451 0.604
347.1374515 0.612
347.1374515 0.614
350.952148 0.618
350.952148 0.62
350.9521485 0.632
350.9521485 0.642
354.7668455 0.66
354.766846 0.672
358.581543 0.674
358.581543 0.68
362.39624 0.686
362.39624 0.69
362.3962405 0.692
366.2109375 0.712
370.0256345 0.714
370.0256345 0.716
370.025635 0.718
370.025635 0.722
373.840332 0.738
373.840332 0.742
377.655029 0.748
377.6550295 0.752
381.4697265 0.756
381.4697265 0.77
385.2844235 0.772
385.2844235 0.776
385.284424 0.786
389.099121 0.8
389.0991215 0.802
392.913818 0.804
392.913818 0.806
392.9138185 0.814
392.9138185 0.82
396.7285155 0.84
396.7285155 0.844
396.728516 0.846
400.5432125 0.856
400.543213 0.86
400.543213 0.882
404.35791 0.89
404.35791 0.898
404.3579105 0.902
404.3579105 0.906
408.172607 0.912
408.1726075 0.928
408.1726075 0.934
411.9873045 0.952
411.987305 0.954
415.8020015 0.956
415.802002 0.962
415.802002 0.97
419.616699 0.974
419.6166995 0.98
419.6166995 0.982
423.4313965 0.99
423.4313965 0.992
427.2460935 0.994
427.246094 0.996
434.875488 0.998
450.1342775 1.0
