186.920166 0.002
190.7348635 0.004
194.5495605 0.008
202.178955 0.01
205.993652 0.012
205.9936525 0.014
205.9936525 0.016
209.8083495 0.028
213.6230465 0.032
213.623047 0.038
217.437744 0.05
217.437744 0.06
221.2524415 0.066
225.0671385 0.068
225.0671385 0.072
225.067139 0.074
232.696533 0.076
232.6965335 0.08
236.5112305 0.084
240.3259275 0.094
240.325928 0.098
244.140625 0.1
247.955322 0.104
251.7700195 0.112
251.7700195 0.114
251.77002 0.116
251.77002 0.118
255.5847165 0.122
255.584717 0.13
259.3994145 0.136
263.214111 0.138
263.214111 0.14
263.2141115 0.144
263.2141115 0.146
267.0288085 0.148
270.843506 0.15
270.843506 0.156
274.658203 0.16
274.658203 0.164
274.6582035 0.17
278.4729 0.172
278.4729005 0.182
282.2875975 0.192
282.2875975 0.2
286.1022945 0.204
286.102295 0.23
286.102295 0.236
289.916992 0.242
289.916992 0.252
289.9169925 0.254
289.9169925 0.256
293.731689 0.258
293.7316895 0.276
293.7316895 0.282
297.5463865 0.294
297.5463865 0.296
297.546387 0.3
297.546387 0.302
301.361084 0.304
301.361084 0.314
305.175781 0.32
305.175781 0.324
305.1757815 0.33
305.1757815 0.334
308.9904785 0.36
308.9904785 0.364
308.990479 0.366
312.8051755 0.37
312.805176 0.384
316.619873 0.396
316.619873 0.404
316.6198735 0.406
320.43457 0.416
320.43457 0.418
320.4345705 0.432
320.4345705 0.434
324.2492675 0.442
324.2492675 0.448
328.0639645 0.45
328.063965 0.458
328.063965 0.464
331.878662 0.47
331.8786625 0.478
335.693359 0.48
335.693359 0.484
335.6933595 0.486
335.6933595 0.498
339.5080565 0.502
339.5080565 0.506
339.508057 0.508
343.322754 0.522
343.322754 0.524
347.137451 0.528
347.137451 0.534
347.1374515 0.536
350.9521485 0.538
350.9521485 0.544
354.7668455 0.554
354.766846 0.562
358.581543 0.57
358.581543 0.59
362.39624 0.596
362.39624 0.6
362.3962405 0.608
366.2109375 0.624
370.0256345 0.626
370.0256345 0.632
370.025635 0.636
373.840332 0.652
373.840332 0.654
377.655029 0.666
377.6550295 0.684
381.4697265 0.69
381.4697265 0.696
385.2844235 0.698
385.284424 0.704
389.099121 0.726
389.0991215 0.728
392.913818 0.732
392.913818 0.736
392.9138185 0.74
392.9138185 0.748
396.728516 0.752
400.5432125 0.756
400.543213 0.766
404.35791 0.77
404.35791 0.774
404.3579105 0.778
404.3579105 0.784
408.1726075 0.796
408.1726075 0.798
411.9873045 0.8
411.987305 0.806
415.802002 0.808
415.802002 0.818
419.616699 0.824
419.616699 0.83
419.6166995 0.832
423.4313965 0.836
427.2460935 0.838
427.2460935 0.84
427.246094 0.844
431.060791 0.85
431.060791 0.856
434.875488 0.86
434.8754885 0.868
438.6901855 0.87
438.6901855 0.872
438.690186 0.874
442.5048825 0.88
442.504883 0.884
446.31958 0.886
446.31958 0.894
446.3195805 0.896
450.134277 0.898
450.1342775 0.902
450.1342775 0.904
453.9489745 0.914
457.763672 0.918
461.578369 0.924
461.5783695 0.928
465.393066 0.932
465.3930665 0.936
469.2077635 0.938
469.2077635 0.944
469.207764 0.95
473.0224605 0.952
473.022461 0.958
476.837158 0.962
476.8371585 0.966
480.6518555 0.974
484.4665525 0.976
484.466553 0.978
484.466553 0.98
488.28125 0.986
495.9106445 0.988
503.540039 0.99
507.3547365 0.992
511.1694335 0.994
518.7988285 0.996
522.6135255 0.998
556.945801 1.0
