198.364258 0.002
202.178955 0.006
202.1789555 0.008
205.9936525 0.01
209.8083495 0.012
213.623047 0.014
213.623047 0.016
217.437744 0.018
221.252441 0.02
221.2524415 0.024
225.067139 0.026
228.881836 0.028
232.696533 0.03
232.6965335 0.034
236.5112305 0.036
244.140625 0.04
247.955322 0.042
263.214111 0.044
263.2141115 0.05
267.028809 0.052
270.8435055 0.054
270.843506 0.056
274.658203 0.06
274.6582035 0.062
278.4729 0.066
278.4729005 0.068
278.4729005 0.072
282.2875975 0.082
282.2875975 0.094
282.287598 0.11
282.287598 0.116
286.1022945 0.12
286.102295 0.136
286.102295 0.142
289.916992 0.144
289.916992 0.16
289.9169925 0.164
289.9169925 0.17
293.731689 0.174
293.7316895 0.186
293.7316895 0.202
297.5463865 0.226
297.5463865 0.228
297.546387 0.236
297.546387 0.238
301.361084 0.24
301.361084 0.252
305.175781 0.256
305.175781 0.26
305.1757815 0.262
305.1757815 0.264
308.9904785 0.292
312.8051755 0.296
312.8051755 0.298
312.805176 0.3
312.805176 0.31
316.619873 0.324
316.619873 0.33
316.6198735 0.334
320.43457 0.342
320.4345705 0.356
324.2492675 0.358
324.2492675 0.366
324.249268 0.368
324.249268 0.37
328.0639645 0.372
328.063965 0.382
328.063965 0.386
331.878662 0.396
331.8786625 0.406
335.693359 0.408
335.6933595 0.412
335.6933595 0.428
339.5080565 0.444
339.508057 0.454
343.322754 0.462
347.137451 0.472
347.1374515 0.474
347.1374515 0.478
350.9521485 0.492
350.9521485 0.508
354.7668455 0.518
354.766846 0.528
358.5815425 0.53
358.581543 0.538
358.581543 0.548
362.39624 0.556
362.39624 0.566
362.3962405 0.578
362.3962405 0.582
366.2109375 0.606
370.0256345 0.608
370.0256345 0.62
370.025635 0.63
370.025635 0.64
373.840332 0.666
373.840332 0.67
377.655029 0.68
377.6550295 0.692
381.4697265 0.696
381.4697265 0.704
385.2844235 0.706
385.2844235 0.708
385.284424 0.716
389.099121 0.722
389.0991215 0.724
392.913818 0.728
392.913818 0.736
396.7285155 0.738
400.543213 0.74
404.35791 0.746
404.35791 0.75
404.3579105 0.752
408.172607 0.756
408.1726075 0.76
411.987305 0.764
415.802002 0.768
419.616699 0.77
419.6166995 0.772
423.4313965 0.78
427.2460935 0.782
427.246094 0.788
431.060791 0.792
431.060791 0.796
431.0607915 0.798
434.875488 0.8
434.8754885 0.804
434.8754885 0.806
438.6901855 0.814
438.6901855 0.818
442.5048825 0.824
442.504883 0.826
446.31958 0.828
446.31958 0.838
450.134277 0.844
450.1342775 0.846
450.1342775 0.85
453.9489745 0.86
457.763672 0.862
457.763672 0.87
461.578369 0.874
461.578369 0.876
461.5783695 0.878
465.393066 0.88
465.3930665 0.888
469.2077635 0.89
469.2077635 0.896
469.207764 0.898
469.207764 0.902
473.0224605 0.904
473.022461 0.906
473.022461 0.91
476.837158 0.916
476.837158 0.918
476.8371585 0.922
480.6518555 0.928
484.4665525 0.932
484.466553 0.936
488.28125 0.938
495.9106445 0.942
499.7253415 0.944
499.725342 0.948
503.540039 0.95
503.540039 0.954
511.169434 0.956
514.9841305 0.958
514.984131 0.96
514.984131 0.964
518.798828 0.968
518.7988285 0.97
522.6135255 0.976
526.4282225 0.978
530.24292 0.984
530.24292 0.986
534.057617 0.988
537.8723145 0.992
541.6870115 0.994
541.687012 0.996
545.501709 0.998
549.3164065 1.0
