160.217285 0.002
190.7348635 0.004
198.364258 0.006
209.8083495 0.008
217.437744 0.01
221.2524415 0.012
225.0671385 0.014
232.696533 0.018
240.325928 0.02
244.140625 0.022
247.9553225 0.024
251.7700195 0.028
251.7700195 0.03
255.5847165 0.032
255.584717 0.036
259.399414 0.038
259.399414 0.04
263.214111 0.044
263.214111 0.046
263.2141115 0.052
263.2141115 0.054
267.0288085 0.07
270.843506 0.082
270.843506 0.084
274.658203 0.092
274.658203 0.096
274.6582035 0.108
278.4729 0.118
278.4729005 0.122
278.4729005 0.138
282.2875975 0.146
282.2875975 0.16
282.287598 0.164
282.287598 0.168
286.1022945 0.17
286.102295 0.186
289.916992 0.188
289.916992 0.2
289.9169925 0.206
293.731689 0.208
293.7316895 0.222
293.7316895 0.23
297.5463865 0.238
297.546387 0.244
297.546387 0.246
301.361084 0.252
301.361084 0.26
305.175781 0.262
305.175781 0.264
305.1757815 0.27
305.1757815 0.274
308.9904785 0.298
308.9904785 0.3
312.8051755 0.302
312.8051755 0.304
312.805176 0.306
316.619873 0.314
316.619873 0.32
320.43457 0.328
320.43457 0.33
320.4345705 0.338
324.2492675 0.342
324.2492675 0.358
324.249268 0.362
328.0639645 0.372
328.063965 0.378
328.063965 0.382
331.878662 0.396
331.8786625 0.398
335.693359 0.4
335.6933595 0.402
339.5080565 0.408
339.508057 0.412
339.508057 0.416
343.3227535 0.422
343.322754 0.428
347.137451 0.44
347.137451 0.444
347.1374515 0.446
347.1374515 0.452
350.9521485 0.456
350.9521485 0.46
354.7668455 0.464
354.766846 0.476
358.5815425 0.482
358.581543 0.484
358.581543 0.492
362.39624 0.51
362.3962405 0.514
362.3962405 0.518
366.2109375 0.54
370.0256345 0.546
370.0256345 0.55
370.025635 0.552
370.025635 0.56
373.840332 0.576
377.655029 0.58
377.6550295 0.606
381.4697265 0.618
381.4697265 0.622
381.469727 0.626
385.284424 0.638
385.284424 0.648
389.099121 0.666
389.0991215 0.674
392.913818 0.676
392.9138185 0.684
392.9138185 0.706
396.7285155 0.712
396.7285155 0.716
396.728516 0.72
400.543213 0.726
404.35791 0.73
404.3579105 0.734
408.172607 0.736
408.1726075 0.742
408.1726075 0.744
411.9873045 0.756
411.987305 0.76
415.802002 0.762
415.802002 0.768
419.616699 0.772
419.6166995 0.774
419.6166995 0.776
423.4313965 0.782
427.2460935 0.786
427.246094 0.788
427.246094 0.79
431.060791 0.798
431.060791 0.8
434.875488 0.804
434.8754885 0.806
438.6901855 0.81
442.5048825 0.818
442.5048825 0.82
442.504883 0.822
446.31958 0.824
446.31958 0.83
450.134277 0.832
450.134277 0.836
450.1342775 0.84
450.1342775 0.844
453.9489745 0.848
453.9489745 0.854
453.948975 0.858
457.763672 0.86
457.763672 0.862
461.578369 0.868
461.578369 0.872
461.5783695 0.876
469.2077635 0.882
469.2077635 0.884
469.207764 0.888
473.022461 0.89
473.022461 0.898
476.837158 0.904
476.8371585 0.908
480.6518555 0.918
484.4665525 0.922
484.466553 0.924
492.0959475 0.926
492.0959475 0.93
495.9106445 0.932
495.910645 0.934
499.725342 0.94
503.540039 0.942
511.1694335 0.948
514.9841305 0.95
514.984131 0.954
518.798828 0.96
522.6135255 0.968
526.4282225 0.97
530.24292 0.976
530.24292 0.978
534.057617 0.98
534.057617 0.984
534.0576175 0.986
537.8723145 0.988
537.8723145 0.994
541.687012 0.996
545.501709 0.998
553.1311035 1.0
