171.661377 0.002
198.3642575 0.004
202.178955 0.006
217.437744 0.008
217.4377445 0.01
240.3259275 0.014
240.325928 0.016
244.140625 0.022
247.955322 0.024
247.9553225 0.026
251.7700195 0.034
251.7700195 0.038
255.5847165 0.042
255.584717 0.05
259.399414 0.058
259.399414 0.06
259.3994145 0.062
263.214111 0.066
263.2141115 0.082
263.2141115 0.084
267.0288085 0.098
267.028809 0.1
270.8435055 0.108
270.843506 0.112
270.843506 0.128
274.658203 0.142
274.658203 0.148
274.6582035 0.156
278.4729 0.16
278.4729005 0.178
282.2875975 0.182
282.2875975 0.194
282.287598 0.196
282.287598 0.2
286.1022945 0.204
286.1022945 0.206
286.102295 0.226
289.916992 0.24
289.9169925 0.244
289.9169925 0.254
293.731689 0.258
293.7316895 0.262
293.7316895 0.27
297.5463865 0.282
297.546387 0.288
297.546387 0.292
301.361084 0.294
305.175781 0.296
305.175781 0.302
305.1757815 0.304
308.9904785 0.314
312.8051755 0.316
312.8051755 0.322
312.805176 0.324
312.805176 0.328
316.619873 0.334
316.619873 0.338
316.6198735 0.34
320.43457 0.344
320.4345705 0.362
324.2492675 0.37
324.2492675 0.374
328.0639645 0.376
328.063965 0.38
328.063965 0.382
331.878662 0.392
335.693359 0.394
335.6933595 0.396
335.6933595 0.402
339.5080565 0.408
339.5080565 0.41
339.508057 0.416
343.322754 0.422
347.137451 0.428
347.137451 0.434
347.1374515 0.44
350.952148 0.442
350.9521485 0.446
350.9521485 0.454
354.7668455 0.464
354.766846 0.47
358.581543 0.472
358.581543 0.49
362.39624 0.492
362.3962405 0.498
362.3962405 0.5
366.2109375 0.516
370.0256345 0.52
370.0256345 0.526
370.025635 0.53
370.025635 0.538
373.840332 0.544
373.840332 0.556
373.8403325 0.558
377.655029 0.562
377.6550295 0.578
381.4697265 0.586
381.4697265 0.598
381.469727 0.604
385.2844235 0.61
385.284424 0.622
385.284424 0.63
389.099121 0.65
389.0991215 0.652
392.913818 0.656
392.913818 0.66
392.9138185 0.664
392.9138185 0.674
396.7285155 0.684
396.7285155 0.686
396.728516 0.692
400.5432125 0.696
400.543213 0.724
404.35791 0.726
404.3579105 0.728
404.3579105 0.734
408.1726075 0.744
408.1726075 0.746
411.9873045 0.758
411.987305 0.762
415.802002 0.766
415.802002 0.768
419.616699 0.77
419.6166995 0.772
423.431396 0.774
423.4313965 0.78
427.2460935 0.782
427.2460935 0.784
431.060791 0.79
434.875488 0.792
434.8754885 0.794
434.8754885 0.798
438.6901855 0.802
438.6901855 0.808
442.5048825 0.81
442.504883 0.814
446.31958 0.816
446.3195805 0.818
450.134277 0.82
450.1342775 0.822
453.9489745 0.832
453.948975 0.836
457.763672 0.838
461.578369 0.84
461.578369 0.848
465.3930665 0.858
465.3930665 0.86
469.2077635 0.862
473.022461 0.864
476.837158 0.872
480.6518555 0.874
480.6518555 0.882
484.4665525 0.888
484.4665525 0.89
484.466553 0.892
484.466553 0.894
488.28125 0.902
492.095947 0.904
492.095947 0.908
495.9106445 0.91
495.9106445 0.914
495.910645 0.916
499.725342 0.918
503.540039 0.92
503.540039 0.922
507.354736 0.924
507.3547365 0.93
514.984131 0.932
514.984131 0.936
526.4282225 0.938
526.428223 0.942
526.428223 0.946
530.24292 0.95
534.057617 0.954
534.0576175 0.962
537.8723145 0.964
537.8723145 0.966
541.6870115 0.97
541.6870115 0.972
545.501709 0.978
549.316406 0.98
549.3164065 0.982
553.1311035 0.986
553.1311035 0.99
556.9458005 0.992
568.3898925 0.994
576.0192875 0.998
595.0927735 1.0
