232.696533 0.004
240.325928 0.006
263.2141115 0.008
263.2141115 0.01
267.0288085 0.014
267.028809 0.016
270.8435055 0.02
270.843506 0.022
274.658203 0.03
278.4729005 0.044
282.287598 0.046
282.287598 0.048
286.1022945 0.054
286.102295 0.064
286.102295 0.072
289.916992 0.082
289.9169925 0.094
293.731689 0.1
293.7316895 0.112
293.7316895 0.126
297.5463865 0.13
297.5463865 0.132
297.546387 0.146
297.546387 0.154
301.361084 0.172
305.175781 0.176
305.175781 0.184
305.1757815 0.192
308.9904785 0.21
308.9904785 0.212
312.8051755 0.214
312.805176 0.216
312.805176 0.226
316.619873 0.232
316.619873 0.24
316.6198735 0.242
320.43457 0.25
320.4345705 0.26
320.4345705 0.264
324.2492675 0.272
324.249268 0.274
328.0639645 0.278
328.0639645 0.282
328.063965 0.286
328.063965 0.288
331.878662 0.306
331.8786625 0.308
335.6933595 0.312
335.6933595 0.326
339.5080565 0.33
339.5080565 0.338
339.508057 0.344
339.508057 0.346
343.322754 0.356
347.137451 0.36
347.137451 0.366
347.1374515 0.368
347.1374515 0.372
350.9521485 0.378
350.9521485 0.386
354.7668455 0.394
354.766846 0.402
358.5815425 0.406
358.581543 0.412
358.581543 0.418
362.39624 0.43
362.39624 0.432
362.3962405 0.434
362.3962405 0.44
366.2109375 0.45
370.0256345 0.46
370.0256345 0.47
370.025635 0.486
370.025635 0.502
373.840332 0.508
373.840332 0.516
373.8403325 0.518
377.655029 0.532
377.6550295 0.546
381.4697265 0.566
385.2844235 0.574
385.284424 0.586
385.284424 0.588
389.099121 0.6
389.0991215 0.602
392.913818 0.604
392.913818 0.608
392.9138185 0.616
392.9138185 0.622
396.7285155 0.626
396.728516 0.632
400.5432125 0.634
400.543213 0.636
400.543213 0.638
404.35791 0.646
404.35791 0.652
404.3579105 0.654
408.172607 0.656
408.1726075 0.662
411.9873045 0.664
411.9873045 0.666
411.987305 0.668
415.802002 0.67
415.802002 0.672
419.616699 0.678
423.4313965 0.682
423.4313965 0.688
427.2460935 0.69
427.246094 0.694
431.060791 0.702
431.060791 0.704
434.875488 0.706
434.875488 0.708
434.8754885 0.716
438.6901855 0.726
438.6901855 0.734
442.5048825 0.742
442.5048825 0.744
442.504883 0.754
442.504883 0.758
446.31958 0.766
446.31958 0.776
446.3195805 0.778
450.134277 0.782
450.1342775 0.788
453.9489745 0.792
453.948975 0.796
457.7636715 0.798
457.7636715 0.8
457.763672 0.806
457.763672 0.808
461.578369 0.814
461.578369 0.818
461.5783695 0.82
461.5783695 0.824
465.393066 0.826
465.3930665 0.828
469.2077635 0.832
469.2077635 0.834
469.207764 0.838
473.0224605 0.84
473.022461 0.846
473.022461 0.848
476.837158 0.85
476.8371585 0.852
480.6518555 0.856
480.6518555 0.864
484.4665525 0.868
484.466553 0.87
484.466553 0.872
488.28125 0.878
492.095947 0.884
492.095947 0.886
495.9106445 0.888
495.9106445 0.89
499.725342 0.898
503.540039 0.902
503.540039 0.906
503.5400395 0.908
507.354736 0.914
507.3547365 0.918
511.1694335 0.926
514.9841305 0.928
514.984131 0.932
514.984131 0.942
518.798828 0.946
518.798828 0.948
522.6135255 0.95
526.4282225 0.952
526.4282225 0.958
526.428223 0.96
534.057617 0.962
541.687012 0.964
545.501709 0.966
553.1311035 0.968
556.945801 0.97
560.760498 0.974
564.575195 0.976
568.389893 0.978
583.6486815 0.98
587.463379 0.984
610.3515625 0.986
625.6103515 0.988
625.610352 0.99
629.4250485 0.992
629.425049 0.994
633.239746 0.996
640.8691405 0.998
659.942627 1.0
