205.9936525 0.002
213.623047 0.004
217.437744 0.006
225.0671385 0.008
225.067139 0.01
236.5112305 0.012
244.140625 0.014
247.9553225 0.016
251.7700195 0.018
255.584717 0.02
259.399414 0.022
263.2141115 0.024
267.0288085 0.026
270.843506 0.028
274.658203 0.03
274.6582035 0.032
278.4729005 0.034
282.2875975 0.036
282.2875975 0.038
282.287598 0.04
282.287598 0.042
286.102295 0.052
289.9169925 0.054
293.7316895 0.056
293.7316895 0.062
297.5463865 0.064
297.546387 0.066
297.546387 0.068
301.361084 0.078
305.175781 0.082
308.9904785 0.096
308.9904785 0.098
312.8051755 0.1
312.805176 0.102
316.619873 0.104
316.619873 0.106
320.43457 0.108
320.4345705 0.112
324.2492675 0.114
324.249268 0.116
328.063965 0.118
328.063965 0.122
331.878662 0.128
335.693359 0.13
335.693359 0.134
335.6933595 0.138
339.5080565 0.142
339.5080565 0.144
343.322754 0.152
347.137451 0.154
347.137451 0.158
350.9521485 0.162
350.9521485 0.17
354.7668455 0.174
354.7668455 0.176
354.766846 0.18
358.581543 0.184
358.581543 0.19
362.39624 0.192
362.39624 0.2
362.3962405 0.206
362.3962405 0.208
366.2109375 0.232
370.0256345 0.234
370.0256345 0.238
370.025635 0.24
370.025635 0.252
373.840332 0.266
373.840332 0.27
373.8403325 0.272
377.655029 0.276
377.6550295 0.288
381.4697265 0.294
381.4697265 0.306
381.469727 0.308
381.469727 0.312
385.2844235 0.316
385.2844235 0.318
385.284424 0.326
389.099121 0.33
389.0991215 0.332
392.913818 0.336
392.913818 0.338
392.9138185 0.342
392.9138185 0.348
396.7285155 0.358
396.7285155 0.36
396.728516 0.362
396.728516 0.364
400.543213 0.368
400.543213 0.386
404.35791 0.39
404.35791 0.392
404.3579105 0.398
404.3579105 0.4
408.172607 0.404
408.172607 0.406
408.1726075 0.416
411.9873045 0.418
411.987305 0.42
411.987305 0.426
415.802002 0.432
415.802002 0.434
419.616699 0.438
419.6166995 0.442
419.6166995 0.444
423.4313965 0.454
423.4313965 0.478
427.2460935 0.488
427.2460935 0.498
427.246094 0.504
431.060791 0.526
431.060791 0.528
434.875488 0.53
434.875488 0.532
434.8754885 0.538
438.6901855 0.544
438.6901855 0.55
438.690186 0.554
442.5048825 0.556
442.5048825 0.558
442.504883 0.57
442.504883 0.574
446.31958 0.576
446.31958 0.586
446.3195805 0.59
450.134277 0.594
450.134277 0.596
450.1342775 0.6
450.1342775 0.602
453.9489745 0.606
453.9489745 0.61
453.948975 0.614
457.763672 0.616
457.763672 0.624
461.578369 0.634
461.5783695 0.638
465.393066 0.642
465.3930665 0.644
469.2077635 0.646
469.2077635 0.652
469.207764 0.654
473.022461 0.656
473.022461 0.664
476.837158 0.67
476.8371585 0.672
480.6518555 0.674
484.4665525 0.682
484.4665525 0.684
484.466553 0.694
484.466553 0.7
488.28125 0.71
492.095947 0.712
492.0959475 0.72
495.9106445 0.73
495.9106445 0.732
499.7253415 0.74
499.725342 0.748
503.540039 0.756
503.540039 0.764
507.3547365 0.768
507.3547365 0.77
511.1694335 0.774
511.169434 0.78
514.984131 0.786
514.984131 0.79
518.798828 0.794
518.798828 0.798
518.7988285 0.8
522.613525 0.802
522.6135255 0.804
522.6135255 0.806
526.4282225 0.808
526.428223 0.81
530.2429195 0.814
530.24292 0.824
534.057617 0.826
534.0576175 0.828
534.0576175 0.832
537.8723145 0.836
537.8723145 0.846
541.6870115 0.85
541.687012 0.852
545.501709 0.854
545.501709 0.862
549.316406 0.864
549.316406 0.868
549.3164065 0.876
549.3164065 0.878
553.1311035 0.892
556.9458005 0.894
556.9458005 0.898
556.945801 0.9
560.760498 0.904
560.760498 0.908
564.575195 0.912
564.5751955 0.918
568.3898925 0.924
572.2045895 0.926
572.20459 0.932
576.019287 0.942
579.8339845 0.946
579.8339845 0.95
583.6486815 0.952
583.648682 0.954
587.463379 0.956
587.463379 0.958
591.278076 0.96
591.278076 0.962
591.2780765 0.964
595.0927735 0.966
595.0927735 0.972
598.907471 0.978
602.722168 0.98
602.722168 0.984
606.536865 0.986
614.1662595 0.988
614.16626 0.99
633.239746 0.992
637.054443 0.994
640.869141 0.996
644.683838 0.998
675.201416 1.0
