263.2141115 0.0005
267.0288085 0.0025
270.8435055 0.0045
270.8435055 0.0065
270.843506 0.0085
270.843506 0.0115
274.658203 0.0295
274.658203 0.036
274.6582035 0.0375
278.4729 0.069
278.4729005 0.1075
282.2875975 0.16
282.2875975 0.233
282.287598 0.2465
286.1022945 0.2765
286.1022945 0.3175
286.102295 0.416
286.102295 0.4465
289.916992 0.4555
289.916992 0.6345
289.9169925 0.679
293.731689 0.6925
293.731689 0.723
293.7316895 0.7695
293.7316895 0.838
297.5463865 0.886
297.5463865 0.906
297.546387 0.932
297.546387 0.94
301.3610835 0.945
301.361084 0.951
301.361084 0.981
305.175781 0.9865
305.175781 0.989
305.1757815 0.99
305.1757815 0.997
308.9904785 0.999
312.8051755 0.9995
312.805176 1.0
