270.8435055 0.0005
274.658203 0.001
274.658203 0.002
274.6582035 0.0025
278.4729 0.0045
278.4729005 0.006
278.4729005 0.0115
282.2875975 0.0215
282.2875975 0.0315
282.287598 0.034
282.287598 0.037
286.1022945 0.046
286.1022945 0.054
286.102295 0.124
286.102295 0.1285
289.916992 0.149
289.916992 0.2115
289.9169925 0.223
289.9169925 0.264
293.731689 0.2705
293.731689 0.2845
293.7316895 0.391
293.7316895 0.4715
297.5463865 0.582
297.5463865 0.5875
297.546387 0.675
297.546387 0.6825
301.3610835 0.6885
301.361084 0.7335
301.361084 0.853
305.175781 0.883
305.175781 0.9085
305.1757815 0.9385
305.1757815 0.9495
308.9904785 0.984
308.9904785 0.9865
312.8051755 0.9935
312.805176 0.996
312.805176 0.999
316.619873 1.0
