282.2875975 0.0005
282.287598 0.0015
286.1022945 0.0025
286.102295 0.0055
286.102295 0.0075
289.916992 0.0165
289.9169925 0.0305
293.731689 0.031
293.7316895 0.049
293.7316895 0.0895
297.5463865 0.14
297.5463865 0.1565
297.546387 0.1965
297.546387 0.2275
301.361084 0.2285
301.361084 0.4375
305.175781 0.483
305.175781 0.55
305.1757815 0.5845
305.1757815 0.675
308.9904785 0.7955
308.9904785 0.859
308.990479 0.8605
312.8051755 0.9105
312.805176 0.914
312.805176 0.955
316.619873 0.9655
316.619873 0.9875
316.6198735 0.988
320.43457 0.99
320.4345705 0.9955
320.4345705 0.9975
324.2492675 0.999
328.063965 0.9995
331.8786625 1.0
