293.7316895 0.0015
293.7316895 0.003
297.5463865 0.0075
297.5463865 0.01
297.546387 0.013
301.361084 0.015
301.361084 0.0315
305.175781 0.046
305.175781 0.0655
305.1757815 0.08
305.1757815 0.0895
308.9904785 0.158
308.9904785 0.1815
308.990479 0.189
312.8051755 0.1945
312.8051755 0.254
312.805176 0.2625
312.805176 0.356
316.619873 0.434
316.619873 0.5175
316.6198735 0.534
316.6198735 0.547
320.43457 0.603
320.43457 0.6035
320.4345705 0.72
320.4345705 0.7445
324.2492675 0.7555
324.2492675 0.843
324.249268 0.864
324.249268 0.8755
328.0639645 0.8835
328.0639645 0.884
328.063965 0.921
328.063965 0.95
331.878662 0.974
331.8786625 0.984
335.693359 0.985
335.6933595 0.9885
335.6933595 0.9955
339.5080565 0.9965
339.5080565 0.997
339.508057 0.998
339.508057 0.999
343.322754 1.0
