301.361084 0.002
305.175781 0.0035
305.175781 0.0045
305.1757815 0.006
305.1757815 0.0065
308.9904785 0.023
308.9904785 0.0245
308.990479 0.0265
312.8051755 0.031
312.8051755 0.0425
312.805176 0.054
312.805176 0.0775
316.619873 0.121
316.619873 0.1435
316.6198735 0.164
316.6198735 0.1765
320.43457 0.196
320.4345705 0.325
320.4345705 0.3275
324.2492675 0.363
324.2492675 0.4415
324.249268 0.471
324.249268 0.514
328.0639645 0.5295
328.0639645 0.53
328.063965 0.634
328.063965 0.696
331.878662 0.7715
331.8786625 0.8415
335.693359 0.845
335.693359 0.8455
335.6933595 0.873
335.6933595 0.9385
339.5080565 0.951
339.5080565 0.956
339.508057 0.969
339.508057 0.979
343.3227535 0.9795
343.322754 0.993
347.137451 0.994
347.137451 0.9945
347.1374515 0.995
347.1374515 0.9965
350.9521485 0.999
350.9521485 0.9995
354.7668455 1.0
