312.8051755 0.0005
316.619873 0.002
316.619873 0.0045
320.43457 0.006
320.4345705 0.012
324.2492675 0.014
324.2492675 0.029
324.249268 0.0335
324.249268 0.0385
328.0639645 0.045
328.0639645 0.0455
328.063965 0.076
328.063965 0.0975
331.878662 0.1715
331.878662 0.1725
331.8786625 0.2305
335.693359 0.2355
335.6933595 0.2885
335.6933595 0.4185
339.5080565 0.5015
339.5080565 0.5225
339.508057 0.574
339.508057 0.6165
343.322754 0.7955
347.137451 0.8215
347.137451 0.853
347.1374515 0.8665
347.1374515 0.914
350.9521485 0.9495
350.9521485 0.9655
354.7668455 0.9795
354.766846 0.9905
358.581543 0.992
358.581543 0.9965
362.39624 0.997
362.3962405 0.9985
366.2109375 1.0
