324.2492675 0.0005
324.249268 0.001
328.0639645 0.0025
328.063965 0.0055
331.878662 0.012
331.878662 0.014
331.8786625 0.015
335.693359 0.024
335.6933595 0.025
335.6933595 0.0465
339.5080565 0.068
339.5080565 0.0975
339.508057 0.103
339.508057 0.106
343.3227535 0.1335
343.3227535 0.1475
343.322754 0.2095
343.322754 0.218
347.137451 0.225
347.137451 0.3415
347.1374515 0.354
347.1374515 0.3725
350.952148 0.383
350.952148 0.409
350.9521485 0.4865
350.9521485 0.557
354.7668455 0.656
354.7668455 0.6745
354.766846 0.739
358.5815425 0.758
358.581543 0.787
358.581543 0.8625
362.39624 0.893
362.39624 0.906
362.3962405 0.9255
362.3962405 0.939
366.2109375 0.978
370.0256345 0.9815
370.0256345 0.985
370.025635 0.9885
370.025635 0.993
373.840332 0.996
373.840332 0.9975
373.8403325 0.9985
377.655029 0.999
377.6550295 0.9995
381.4697265 1.0
